Date	Y	X	Z	RASTERVALU	Tiefe [km]	Magnitude	Epizentrum
01.01.2002	50.936	6.476	-8249.25	150.75	8.4	1.5	STETTERNICH
01.01.2014	50.938	6.483	89.63	89.63	0	0.8	SOPHIENHOEHE
01.03.2007	50.861	6.247	-14056.14	143.86	14.2	2.2	ALSDORF
01.04.1999	50.932	6.456	-8124.22	275.78	8.4	1.7	STETTERNICH
01.04.1999	50.935	6.448	-5329.58	270.42	5.6	1.9	STETTERNICH
01.04.1999	50.741	6.203	-9037.71	262.29	9.3	0.6	S. KLEVE
01.05.1992	50.866	6.179	-5832.55	167.45	6	-	ALSDORF
01.05.2005	50.916	6.119	-16479	121	16.6	1.8	UEBACH-PALENBERG
01.07.2002	50.824	6.369	-10876.79	123.21	11	1.8	LANGERWEHE
01.07.2002	50.825	6.362	-11078.29	121.71	11.2	1.6	LANGERWEHE
01.07.2010	50.899	6.381	-13712.71	87.29	13.8	0.4	S. JUELICH
01.07.2015	50.929	6.43	-4060.23	239.77	4.3	0.9	STETTERNICH
01.08.1993	50.838	6.217	-16816.36	183.64	17	1.7	ALSDORF
01.08.1993	50.87	6.196	-12639.85	160.15	12.8	1.2	ALSDORF
01.08.1993	50.87	6.201	-12752.7	147.3	12.9	0.9	ALSDORF
01.08.1993	50.873	6.188	-11940.24	159.76	12.1	1.6	ALSDORF
01.08.2016	50.924	6.55	-1227.71	-127.71	1.1	1.7	ETZWEILER
01.09.2014	50.81	6.41	-5573.65	126.35	5.7	-0.1	VOSSENACK
01.11.2012	50.937	6.474	71.35	171.35	0.1	0.9	E.JUELICH
02.01.2011	50.705	6.278	-5561.33	338.67	5.9	-0.1	ZWEIFALL
02.02.2014	50.818	6.265	-14662.43	137.57	14.8	0.6	ESCHWEILER
02.03.2007	50.877	6.411	-6405.33	94.67	6.5	0.9	HUERTGENWALD
02.04.1996	50.9	6.286	-2690.98	109.02	2.8	2	LUETZKAMPEN
02.04.2014	50.853	6.105	-20342.78	157.22	20.5	0.7	HERZOGENRATH
02.06.2016	50.827	6.319	-17181.98	118.02	17.3	2.2	WEISWEILER
02.09.2007	50.823	6.287	-11638.55	161.45	11.8	0.6	ESCHWEILER
02.09.2014	50.777	6.033	-14994.33	205.67	15.2	0.4	AACHEN
02.11.2005	50.867	6.257	-4669.17	130.83	4.8	1.5	ALSDORF
02.11.2010	50.799	6.541	-11967.87	132.13	12.1	0.2	DUEREN
02.12.2008	50.826	6.506	-13875.1	124.9	14	0.3	DUEREN
03.01.1986	50.95	6.496	-10311.93	88.07	10.4	0.7	ESCH
03.01.1988	50.941	6.496	-2423.87	76.13	2.5	0.7	W. ELSDORF
03.01.2009	50.914	6.409	-16409.51	90.49	16.5	0.7	JUELICH
03.01.2010	50.791	6.275	-11918.57	181.43	12.1	1.3	ESCHWEILER
03.02.1984	50.873	6.282	-14069.53	130.47	14.2	1	S. ALDENHOVEN
03.05.1993	50.85	6.223	-12740.47	159.53	12.9	1.3	SE. ALSDORF
03.06.2015	50.805	6.171	-17904.85	195.15	18.1	0.8	WUERSELEN
03.06.2019	50.807	6.229	-14812.44	187.56	15	0.6	STOLBERG
03.07.2016	50.941	6.469	-82.51	217.49	0.3	0.2	SOPHIENHOEHE
03.08.2002	50.881	6.252	-10766.96	133.04	10.9	1.5	ALSDORF
03.08.2015	50.92	6.552	-1227.56	-227.56	1	1.6	BERRENDORF
03.09.2005	50.829	6.295	-10358.54	141.46	10.5	1	ESCHWEILER
03.11.2011	50.796	6.194	-11927.01	172.99	12.1	0.7	W. ESCHWEILER
03.12.2018	50.767	6.381	-15422.06	277.94	15.7	1.4	SCHEVENHUETTE
04.01.2004	50.856	6.234	-18350.15	149.85	18.5	1.3	DUERWISS
04.01.2004	50.854	6.261	-15251.54	148.46	15.4	1.8	DUERWISS
04.02.2005	50.737	6.402	-6014.87	385.13	6.4	0.4	GROSSHAU
04.02.2009	50.704	6.321	-4374.81	425.19	4.8	0.3	HUERTGENWALD
04.03.1988	50.744	6.319	-13094.98	305.02	13.4	1.6	SE. STOLBERG
04.03.2009	50.894	6.218	-12473.69	126.31	12.6	1.5	ALSDORF
04.03.2016	50.931	6.473	-878.52	221.48	1.1	0.8	S. ROEDINGEN
04.04.2017	50.903	6.108	-13376.99	123.01	13.5	1.4	UEBACH-PALENBERG
04.06.2002	50.86	6.46	-11087.58	112.42	11.2	1.6	NIEDERZIER
04.06.2007	50.825	6.296	-13868.27	131.73	14	2.1	ESCHWEILER
04.06.2017	50.894	6.112	-11923.94	176.06	12.1	1.1	MERKSTEIN
04.06.2019	50.826	6.211	-11306.51	193.49	11.5	0.4	KINZWEILER
04.08.1999	50.888	6.121	-9753.71	146.29	9.9	1.2	ALSDORF
04.08.2013	50.782	6.291	-189.65	210.35	0.4	1	STOLBERG
04.11.1986	50.848	6.237	-12242.45	157.55	12.4	1.1	KINZWEILER
04.11.1986	50.849	6.245	-12340.89	159.11	12.5	1.3	KINZWEILER
04.11.1992	50.834	6.24	-13833.29	166.71	14	2.1	KINZWEILER
04.12.2014	50.795	6.345	-3337.61	162.39	3.5	0.1	LANGERWEHE
04.12.2017	50.883	6.204	-7864.99	135.01	8	0.6	ALSDORF
05.01.1991	50.823	6.261	-2051.87	148.13	2.2	1.3	ESCHWEILER
05.01.2004	50.907	6.244	-11088.96	111.04	11.2	1.2	SIERSDORF
05.01.2009	50.914	6.403	-16909.38	90.62	17	0.7	JUELICH
05.01.2013	50.821	5.994	-15829.18	170.82	16	2.5	BOCHOLTZ
05.02.2005	50.783	6.354	-6182.4	217.6	6.4	0.8	GRESSENICH
05.03.2002	50.918	6.433	-5395.98	104.02	5.5	1.4	S. STETTERNICH
05.03.2016	50.934	6.464	157.88	257.88	0.1	0.3	S. ROEDINGEN
05.08.2010	50.705	6.154	-8642.56	257.44	8.9	0.7	WALHEIM
05.09.2003	50.88	6.288	-9080.12	119.88	9.2	1.5	ALSDORF
05.09.2012	50.823	6.233	-2705.19	194.81	2.9	1.1	ESCHWEILER
05.11.2016	50.893	6.469	-6684.25	115.75	6.8	0.8	NIEDERZIER
05.12.2005	50.847	6.313	-9643.29	156.71	9.8	0.9	LAMMERSDORF
06.01.2016	50.721	6.252	-7522.96	277.04	7.8	0.4	ZWEIFALL
06.03.1996	50.73	6.385	-7124.35	375.65	7.5	2.5	GROSSHAU
06.04.1998	50.845	6.359	-19494.78	105.22	19.6	-	INDEN
06.05.2007	50.859	6.526	-7673.79	126.21	7.8	0.9	ELLEN
06.07.2018	50.881	6.205	-15459.27	140.73	15.6	0.6	ALSDORF
06.09.2012	50.835	6.263	-633.24	166.76	0.8	0.6	ESCHWEILER
06.11.2006	50.873	6.26	-16169.95	130.05	16.3	1.4	NIEDERMERZ
06.12.2002	50.786	6.301	-13602.48	197.52	13.8	1.2	SCHERPENSEEL
07.01.2002	50.848	6.309	-10445.63	154.37	10.6	2.7	DUERWISS
07.01.2002	50.846	6.307	-10645.59	154.41	10.8	2.6	WEISSWEILER
07.01.2004	50.845	6.283	-6647.29	152.71	6.8	1	DUERWISS
07.04.2017	50.838	6.296	-2743.87	156.13	2.9	0.3	DUERWISS
07.05.2015	50.926	6.414	-6894.74	105.26	7	1.3	JUELICH
07.06.2007	50.825	6.257	-14543.94	156.06	14.7	0.8	ESCHWEILER
07.06.2010	50.856	6.228	-14338.1	161.9	14.5	0.9	ALSDORF
07.07.2001	50.831	6.036	-734.22	165.78	0.9	2.1	WESTLICH KERKRADE (NL)
07.07.2018	50.868	6.183	-13328.82	171.18	13.5	0.7	ALSDORF
07.08.2019	50.921	6.384	-17915.64	84.36	18	0.5	JUELICH
07.09.1996	50.729	6.276	-10921.01	278.99	11.2	1.4	GROSSHAU
07.09.2011	50.749	6.228	-8620.97	279.03	8.9	0.6	STOLBERG
07.09.2011	50.759	6.326	-9157.55	242.45	9.4	1.1	STOLBERG
07.12.2004	50.896	6.223	-16071.43	128.57	16.2	1.8	SIERSDORF (E. ALSDORF)
08.01.1991	50.821	6.266	-3960.54	139.46	4.1	1.6	ESCHWEILER
08.01.2002	50.838	6.307	-11242.16	157.84	11.4	1.1	DUERWISS
08.02.2003	50.826	6.341	-11079.28	120.72	11.2	1.3	ESCHWEILER
08.02.2003	50.832	6.273	-13237.87	162.13	13.4	1.2	ESCHWEILER
08.02.2011	50.715	6.272	-7654.14	345.86	8	0.6	S. ZWEIFALL
08.03.1985	50.718	6.421	-14851.47	248.53	15.1	0.8	OBERMAUBACH
08.03.1994	50.702	6.177	-12717.75	282.25	13	1	WALHEIM
08.03.2009	50.882	6.165	-15042.86	157.14	15.2	1	ALSDORF
08.04.2007	50.949	6.413	-7402.39	97.61	7.5	1.1	STETTERNICH
08.05.2017	50.703	6.25	-5249.87	350.13	5.6	0.9	ZWEIFALL
08.05.2017	50.712	6.261	-3870.99	329.01	4.2	0.5	ZWEIFALL
08.05.2017	50.706	6.259	-3144.21	355.79	3.5	1.8	ZWEIFALL
08.06.1984	50.846	6.279	-13252.57	147.43	13.4	2.1	DUERWISS
08.06.1984	50.841	6.243	-12240.78	159.22	12.4	1.3	NW. DUEREN
08.08.2002	50.877	6.241	-11059.96	140.04	11.2	0.9	ALSDORF
08.09.2003	50.77	6.554	-14350.44	149.56	14.5	1.7	STOCKHEIM
08.09.2013	50.767	6.315	-4656.45	243.55	4.9	1.4	STOLBERG
08.10.1977	50.793	6.373	-745.02	254.98	1	1	ESCHWEILER
08.10.1977	50.86	6.215	-5441.79	158.21	5.6	1.6	S. ALSDORF
08.10.2008	50.934	6.156	-12480.18	119.82	12.6	1.1	BEGGENDORF
08.10.2013	50.868	6.211	-16552.43	147.57	16.7	0.9	ALSDORF
08.12.1985	50.842	6.283	-11844.34	155.66	12	1	DUERWISS
09.01.2009	50.758	6.249	-12147.35	252.65	12.4	0.5	STOLBERG
09.02.2009	50.841	6.229	-15236.46	163.54	15.4	0.6	KINZIGWEILER
09.03.1994	50.798	6.413	-3967.45	132.55	4.1	1.9	W. DUEREN
09.03.1994	50.793	6.422	-4662.23	137.77	4.8	1.7	W. DUEREN
09.03.2015	50.706	6.327	-3514.85	385.15	3.9	-0.2	RAFFELSBRAND
09.04.1977	50.923	6.479	-22167.35	232.65	22.4	2.5	HAMBACH
09.04.2011	50.825	6.416	-11780.02	119.98	11.9	0.5	LANGERWEHE
09.05.2017	50.715	6.257	-3687.96	312.04	4	1.1	ZWEIFALL
09.06.2013	50.826	6.282	-16251.57	148.43	16.4	0.4	DUERWISS
09.07.2011	50.773	6.364	-12148.19	251.81	12.4	0.1	HUERTGENWALD
09.08.2002	50.899	6.283	-5588.65	111.35	5.7	1.4	ALSDORF
09.08.2008	50.735	6.363	-15905.92	294.08	16.2	1.4	HUERTGENWALD
09.09.1984	50.954	6.401	-9602.96	97.04	9.7	1.1	NE. JUELICH
09.09.1984	50.953	6.394	-8002.73	97.27	8.1	1.3	NE. JUELICH
09.11.2013	50.895	6.511	-10019.28	-119.28	9.9	1.2	E. NIEDERZIER
09.11.2014	50.735	6.113	-16839.19	260.81	17.1	0.5	S. AACHEN
09.12.1991	50.718	6.256	-16546.79	253.21	16.8	-	SE. ESCHWEILER
09.12.2003	50.86	6.272	-9871.33	128.67	10	1.2	DUERWISS
09.12.2010	50.721	6.302	-18312.37	387.63	18.7	0.9	ZWEIFALL
10.01.2010	50.904	6.111	-15289.28	110.72	15.4	1.2	UEBACH-PALENBERG
10.01.2012	50.886	6.239	-10368.31	131.69	10.5	0.5	E. ALSDORF
10.01.2012	50.868	6.247	-14561.42	138.58	14.7	1.3	E. ALSDORF
10.01.2014	50.728	6.343	-13991.82	308.18	14.3	0.3	HUERTGENWALD
10.01.2015	50.847	6.221	-15626.43	173.57	15.8	1.4	MARIADORF
10.02.1979	50.739	6.189	-17851.78	248.22	18.1	1.7	SE. AACHEN
10.03.1995	50.917	6.113	-10289.68	110.32	10.4	2.2	UEBACH-PALENBERG
10.03.2013	50.884	6.182	-10751.85	148.15	10.9	0.9	ALSDORF
10.05.1992	50.798	6.308	-16007.86	192.14	16.2	0.8	ESCHWEILER
10.05.2005	50.912	6.127	-14071.83	128.17	14.2	1.4	UEBACH-PALENBERG
10.07.1999	50.89	6.237	-11071.18	128.82	11.2	1	UEBACH-PALENBERG
10.07.2004	50.843	6.322	-14966.11	133.89	15.1	1.2	DUERWISS
10.08.2011	50.798	6.279	-12445.43	154.57	12.6	0.3	ESCHWEILER
10.09.2003	50.72	6.294	-5663.33	336.67	6	1.1	ZWEIFALL
10.09.2018	50.775	6.254	-13833.12	266.88	14.1	0.6	STOLBERG
10.10.2002	50.881	6.233	-17165.14	134.86	17.3	0.3	ALSDORF
10.10.2016	50.879	6.214	-15457.51	142.49	15.6	0.7	HOENGEN
11.01.2006	50.955	6.463	-1514.55	85.45	1.6	2	GUESTEN
11.01.2012	50.745	6.27	-4729.29	270.71	5	0.7	ZWEIFALL
11.03.1988	50.853	6.158	-5234.46	165.54	5.4	-	S. ALSDORF
11.03.2018	50.822	6.449	-16384.18	115.82	16.5	0.8	MARIAWEILER
11.04.2011	50.834	6.373	-6885.84	114.16	7	1	N. LANGERWEHE
11.04.2016	50.874	6.258	-17971.44	128.56	18.1	1.9	NIEDERMERZ
11.04.2016	50.874	6.27	-16872.99	127.01	17	2.2	NIEDERMERZ
11.05.2003	50.713	6.377	-12425.66	374.34	12.8	0.7	HURTGENWALD
11.07.1994	50.895	6.131	-12568.17	131.83	12.7	2.1	S. UEBACH-PALENBERG
11.09.2003	50.908	6.265	-6394.41	105.59	6.5	1.1	ALSDORF
11.09.2012	50.725	6.302	-5230.2	369.8	5.6	0.2	RAFFELSBRAND
11.09.2013	50.799	6.284	-2943.06	156.94	3.1	0.2	STOLBERG
11.10.2002	50.864	6.228	-10552.15	147.85	10.7	1.6	ALSDORF
11.10.2017	50.834	6.24	-12333.29	166.71	12.5	0.5	N. ESCHWEILER
11.11.2005	50.868	6.197	-14732.84	167.16	14.9	0.3	ALSDORF
11.12.2004	50.884	6.217	-17065.95	134.05	17.2	1.1	ALSDORF
12.01.2004	50.853	6.418	-15996.97	103.03	16.1	1	MERKEN
12.02.2011	50.718	6.271	-7684.93	315.07	8	1	ZWEIFALL
12.03.1987	50.768	6.059	-9782.67	217.33	10	0.8	AACHEN
12.03.1993	50.898	6.126	-18068.29	131.71	18.2	1.4	S. UEBACH-PALENBERG
12.06.2002	50.873	6.174	-15241.94	158.06	15.4	1.9	ALSDORF
12.07.2014	50.86	6.411	-8965.11	34.89	9	1.2	PIER
12.09.2013	50.78	6.306	-392.84	207.16	0.6	0.7	STOLLBERG
12.11.2002	50.888	6.218	-9367.99	132.01	9.5	1.5	ALSDORF
12.11.2002	50.897	6.526	-2136.24	-136.24	2	1.2	ANGELSDORF
12.11.2018	50.725	6.317	-11496.66	303.34	11.8	0.3	ZWEIFALL
13.01.2004	50.811	6.291	-16168.56	131.44	16.3	1.1	ESCHWEILER
13.02.2008	50.87	6.259	-10270.81	129.19	10.4	0.8	E. ALSDORF
13.02.2008	50.87	6.249	-14063.84	136.16	14.2	1.5	E. ALSDORF
13.03.2010	50.748	6.264	-2786.23	213.77	3	0.2	STOLBERG
13.04.1992	50.842	6.247	-15338.05	161.95	15.5	1.6	ESCHWEILER
13.04.1992	50.844	6.236	-14742.41	157.59	14.9	1.7	ESCHWEILER
13.04.1992	50.823	6.222	-16696.87	203.13	16.9	-	ESCHWEILER
13.04.1992	50.798	6.19	-14622.76	177.24	14.8	0.9	STOLBERG
13.04.1992	50.862	6.146	-1951.22	148.78	2.1	1.4	ALSDORF
13.04.1992	50.842	6.265	-13837.91	162.09	14	2.5	ESCHWEILER
13.04.1994	50.797	6.415	-2666.47	133.53	2.8	1.6	W. DUEREN
13.05.2012	50.725	6.263	-7960.25	239.75	8.2	0	ZWEIFALL
13.06.2004	50.93	6.489	-1110.2	189.8	1.3	2	E. STETTERNICH
13.06.2013	50.89	6.23	-9972.3	127.7	10.1	1.1	SCHLEIDEN
13.07.1993	50.857	6.222	-15150.29	149.71	15.3	1.7	ALSDORF
13.07.1993	50.842	6.231	-15137.4	162.6	15.3	1.6	ALSDORF
13.07.1993	50.859	6.22	-11248.86	151.14	11.4	1.3	ALSDORF
13.07.1993	50.845	6.234	-15441.35	158.65	15.6	1.8	ALSDORF
13.09.1988	50.946	6.454	-4106.96	193.04	4.3	2.3	SE. WELLDORF
14.01.2002	50.847	6.208	-11018.48	181.52	11.2	0.9	DUERWISS
14.01.2012	50.729	6.358	-14550.05	349.95	14.9	0.9	HUERTGENWALD
14.01.2012	50.842	6.238	-13942.83	157.17	14.1	0.7	SE. ALSDORF
14.02.2016	50.828	6.247	-14030.05	169.95	14.2	0.6	ESCHWEILER
14.02.2016	50.947	6.501	-510.63	89.37	0.6	0.6	S. OBEREMBT
14.04.1992	50.879	6.223	-12061.22	138.78	12.2	-	ALSDORF
14.04.1992	50.828	6.261	-15834.9	165.1	16	-	ESCHWEILER
14.04.1992	50.838	6.225	-14525.96	174.04	14.7	1.4	KINZWEILER
14.04.1992	50.882	6.123	-8557.21	142.79	8.7	1.2	ALSDORF
14.04.1992	50.828	6.243	-13829.73	170.27	14	2.9	ESCHWEILER
14.04.1992	50.885	6.085	-7577.07	122.93	7.7	1.6	KERKRADE
14.04.1992	50.946	6.186	-13899.64	100.36	14	4	IMMENDORF
14.06.2000	50.816	6.175	-2806.09	193.91	3	1.8	WUERSELEN
14.06.2015	50.925	6.453	-3923.45	276.55	4.2	0.9	STETTERNICH
14.07.1995	50.863	6.526	-11774.65	125.35	11.9	1.2	W. BUIR
14.07.2001	50.814	6.005	-11032.42	167.58	11.2	1.8	W. KERKRADE
14.07.2006	50.718	6.075	-20242.34	257.66	20.5	0.9	S. AACHEN
14.07.2010	50.846	6.387	-9883.22	116.78	10	1.1	INDEN
14.08.2002	50.899	6.324	-8791.4	108.6	8.9	0.6	ALSDORF
14.08.2009	50.712	6.299	-6720.12	379.88	7.1	1	HUERTGENWALD
14.10.1993	50.822	6.329	-12349.48	150.52	12.5	1.5	ESCHWEILER
14.10.1993	50.829	6.334	-11085.3	114.7	11.2	2.2	WEISWEILER
14.10.1993	50.841	6.311	-11052.93	147.07	11.2	1.4	N. WEISWEILER
14.10.2016	50.932	6.436	-14241.5	258.5	14.5	1.2	E. STETTERNICH
15.01.2017	50.838	6.194	-12315.56	184.44	12.5	0.7	ST. JÖRIS
15.04.1982	50.936	6.531	-7114.8	85.2	7.2	1.8	ELSDORF
15.04.1992	50.821	6.256	-15958.78	141.22	16.1	2.1	ESCHWEILER
15.07.1994	50.837	6.3	-9643.44	156.56	9.8	1.6	NE. ESCHWEILER
15.08.2013	50.748	6.296	-11501.09	298.91	11.8	-0.2	MONSCHAU
15.08.2013	50.775	6.301	-5276.62	223.38	5.5	2.3	STOLBERG
15.08.2013	50.772	6.293	-4559.96	240.04	4.8	1.6	STOLBERG
15.09.2005	50.783	6.54	-9456.01	143.99	9.6	0.3	ROMMELSHEIM
15.10.2002	50.884	6.26	-8669.48	130.52	8.8	0.8	ALSDORF
15.10.2006	50.899	6.553	-10125.71	-25.71	10.1	1.3	ETZWEILER
15.11.2010	50.855	6.255	-10851.5	148.5	11	0.8	NW. ESCHWEILER
15.12.2016	50.916	6.071	-13673.02	126.98	13.8	1.6	RIMBURG
16.01.1989	50.932	6.149	-2674.04	125.96	2.8	2	UEBACH-PALENBERG
16.01.1995	50.905	6.131	-13257.03	142.97	13.4	2.5	UEBACH-PALENBERG
16.04.1992	50.859	6.243	-10650.73	149.27	10.8	1.4	ALSDORF
16.04.1992	50.836	6.266	-13833.04	166.96	14	1.5	DURWISS
16.04.1992	50.832	6.239	-15926.66	173.34	16.1	1.2	ESCHWEILER
16.04.2003	50.874	6.192	-14243.83	156.17	14.4	2.4	ALSDORF
16.04.2011	50.852	5.989	-13810.64	189.36	14	0.9	E. SIMPELVELD
16.04.2017	50.784	6.287	-12781.55	218.45	13	0.5	WERTH
16.05.2007	50.715	6.189	-14520.76	279.24	14.8	0.4	WALHEIM
16.06.1984	50.82	6.308	-9877.58	122.42	10	1.2	ESCHWEILER
16.06.1989	50.866	6.213	-14053.85	146.15	14.2	1.8	E. ALSDORF
16.06.2010	50.914	6.281	101.73	101.73	0	0.8	NW. ALDENHOVEN
16.06.2013	50.712	6.296	-2350.34	349.66	2.7	0.5	SE. ZWEIFALL
16.06.2013	50.707	6.297	-4915.08	384.92	5.3	0.9	E. ZWEIFALL
16.06.2013	50.706	6.289	-5591.09	308.91	5.9	0.8	SE. ZWEIFALL
16.07.2018	50.829	6.509	-13776.09	123.91	13.9	0.8	MERZENICH
16.08.2004	50.865	6.28	-9970.87	129.13	10.1	1.2	ALSDORF
16.09.2016	50.884	6.543	-5025.57	74.43	5.1	0.5	S. ELSDORF
16.11.1994	50.786	6.093	-11021.84	178.16	11.2	1	AACHEN
17.02.2005	50.854	6.27	-5472.79	127.21	5.6	0.5	DUERWISS
17.03.2002	50.78	6.26	-12549.73	250.27	12.8	0.9	E. STOLBERG
17.03.2002	50.789	6.315	-9379.72	220.28	9.6	3.5	E. STOLBERG
17.03.2003	50.893	6.526	-576.23	-76.23	0.5	0.8	OESTL. OBERZIER
17.04.1992	50.846	6.27	-11343.33	156.67	11.5	0.9	DURWISS
17.04.1992	50.877	6.185	-5151.78	148.22	5.3	1.3	ALSDORF
17.04.1992	50.879	6.185	-5452.62	147.38	5.6	1.2	ALSDORF
17.05.1992	50.876	6.251	-15467.01	132.99	15.6	2.1	ALSDORF
17.05.2016	50.809	6.216	-16580.02	219.98	16.8	0.8	W. ESCHWEILER
17.06.2004	50.928	6.475	-1672.66	227.34	1.9	1.4	E. STETTERNICH
17.06.2010	50.757	6.364	-10912.34	287.66	11.2	0.9	HUERTGENWALD
17.07.2004	50.899	6.222	-14775.72	124.28	14.9	2.9	ALSDORF
17.08.1993	50.847	6.232	-18442.95	157.05	18.6	2	ALSDORF
17.09.2012	50.712	6.268	-4530.08	269.92	4.8	0.7	ZWEIFALL
17.09.2016	50.894	6.545	-8806.37	-6.37	8.8	1.2	S. ELSDORF
17.10.2010	50.842	6.234	-12343.32	156.68	12.5	1.3	ALSDORF
17.11.2014	50.743	6.274	-18538.61	261.39	18.8	0.2	S. STOLBERG
17.12.1978	50.804	6.206	-2880.54	219.46	3.1	1.7	N. STOLBERG
18.01.2009	50.897	6.488	-4713.1	-13.1	4.7	1.2	HAMBACH
18.01.2017	50.718	6.241	-3684.17	315.83	4	0.2	ZWEIFALL
18.03.2002	50.785	6.259	-13244.76	255.24	13.5	0.7	E. STOLBERG
18.05.2013	50.949	6.431	-2605.61	94.39	2.7	1.5	WELLDORF
18.06.2013	50.85	6.199	-15020.73	179.27	15.2	1.2	ALSDORF BEGAU
18.07.2004	50.903	6.237	-13582.73	117.27	13.7	2.1	ALSDORF
18.07.2004	50.908	6.252	-13592.85	107.15	13.7	0.7	ALSDORF
18.07.2004	50.893	6.223	-13467.53	132.47	13.6	1.4	ALSDORF
18.07.2006	50.704	6.306	-6790.2	409.8	7.2	0.1	RAFFELSBRAND
18.07.2015	50.922	6.433	-4946.67	153.33	5.1	0.7	JUELICH
18.08.2004	50.919	6.46	-4374.93	225.07	4.6	0.7	E. STETTERNICH
18.08.2011	50.811	6.209	-8192.66	207.34	8.4	0.9	N STOLBERG
18.10.2009	50.741	6.294	-5078.38	321.62	5.4	0.2	MAUSBACH
18.11.1991	50.759	6.433	-16210.06	189.94	16.4	1	SW. DUEREN
18.11.2004	50.906	6.231	-14880.44	119.56	15	1.7	ALSDORF
19.01.1987	50.823	6.3	-13069.9	130.1	13.2	1.8	ESCHWEILER
19.02.2009	50.763	6.26	-12206.21	293.79	12.5	0.7	STOLBERG
19.03.1984	50.839	6.27	-12836.47	163.53	13	1.3	DUERWISS
19.04.2016	50.71	6.272	-15226.54	273.46	15.5	0.9	ZWEIFALL
19.06.1994	50.918	6.098	-11096.37	103.63	11.2	1.2	UEBACH-PALENBERG
19.07.2011	50.833	6.236	-15125.82	174.18	15.3	1.3	ESCHWEILER
19.07.2014	50.719	6.156	-24116.65	283.35	24.4	0.5	OBERFORSTBACH
19.07.2016	50.784	6.211	-19921.8	178.2	20.1	0.6	STOLBERG
19.10.1987	50.741	6.045	-18126.34	273.66	18.4	-	SW. AACHEN
19.10.2012	50.706	6.275	-6962.77	337.23	7.3	0.9	ZWEIFALL
19.11.1992	50.838	6.251	-15334.38	165.62	15.5	1.9	KINZWEILER
19.11.2012	50.832	6.263	-12930.01	169.99	13.1	0.7	ESCHWEILER
20.01.1986	50.951	6.425	-6704.08	95.92	6.8	1.6	WELLDORF
20.01.1987	50.799	6.273	-15438.8	161.2	15.6	1.1	ESCHWEILER
20.01.1987	50.831	6.265	-8230.57	169.43	8.4	1.4	ESCHWEILER
20.01.2007	50.893	6.542	-1003.97	-3.97	1	1.9	S. ETZWEILER
20.01.2007	50.888	6.546	-1027.06	72.94	1.1	1.3	S. ETZWEILER
20.01.2015	50.837	6.181	-15219.03	180.97	15.4	0.3	WUERSELEN
20.01.2017	50.724	6.247	-2679.54	320.46	3	0.1	ZWEIFALL
20.02.2017	50.702	6.312	-16054.52	445.48	16.5	0.3	RAFFELSBRAND
20.03.1984	50.945	6.396	-9500.02	99.98	9.6	0.9	NE. JUELICH
20.03.2000	50.945	6.255	-1610.48	89.52	1.7	1.7	UEBACH PALENBERG
20.04.1992	50.825	6.238	-15716	184	15.9	2.3	ESCHWEILER
20.04.2002	50.856	6.261	-13354.51	145.49	13.5	1.1	DUERWISS
20.04.2015	50.929	6.392	-11299.69	100.31	11.4	1	JUELICH
20.04.2015	50.933	6.401	-7391.89	108.11	7.5	1.2	JUELICH
20.05.2015	50.917	6.453	-5956.84	243.16	6.2	2.1	HAMBACH
20.05.2015	50.715	6.279	-6457.73	342.27	6.8	0.4	ZWEIFALL
20.07.1992	50.861	6.271	-13765.4	134.6	13.9	2.3	ESCHWEILER
20.07.2009	50.891	6.072	-12302.21	97.79	12.4	0.8	EYGELSHOVEN
20.08.2004	50.92	6.458	-4450.75	249.25	4.7	0.5	E. STETTERNICH
20.10.2004	50.729	6.173	-5343.62	256.38	5.6	1.5	KORNELIMUENSTER
20.11.2011	50.82	6.16	-3609.87	190.13	3.8	0.9	WUERSELEN
20.11.2015	50.812	6.274	-14163.75	136.25	14.3	0.8	ESCHWEILER
20.11.2015	50.811	6.274	-13760.41	139.59	13.9	0.4	ESCHWEILER
20.12.2010	50.796	6.289	-12935.93	164.07	13.1	1	STOLBERG
20.12.2010	50.79	6.29	-13320.25	179.75	13.5	1.3	STOLBERG
21.01.2007	50.875	6.548	-1194.47	105.53	1.3	1.8	S. ETZWEILER
21.03.1994	50.919	6.149	-16671.48	128.52	16.8	1.9	UEBACH-PALENBERG
21.03.2002	50.767	6.271	-16403.63	296.37	16.7	1.5	E. STOLBERG
21.03.2015	50.721	6.273	-2371.08	328.92	2.7	-0.3	ZWEIFALL
21.04.2018	50.887	6.526	-17801.42	-1.42	17.8	2.9	ETZWEILER
21.05.2017	50.889	6.155	-14551.62	148.38	14.7	0.6	ALSDORF
21.06.1980	50.805	6.365	-2318.04	181.96	2.5	-	LANGERWEHE
21.06.2009	50.9	6.145	-13457.29	142.71	13.6	2	ALSDORF
21.08.2004	50.92	6.458	-4550.75	249.25	4.8	1	E. STETTERNICH
21.08.2004	50.917	6.467	-3671.1	228.9	3.9	1.2	E. STETTERNICH
21.08.2013	50.769	6.311	-3763.27	236.73	4	1.3	STOLBERG
21.08.2013	50.771	6.303	-4681.65	218.35	4.9	1.7	STOLBERG
21.09.2002	50.888	6.238	-17769.88	130.12	17.9	0.7	ALDENHOVEN
21.09.2004	50.806	6.429	-12072.9	127.1	12.2	1.5	SCHLICH
21.09.2012	50.713	6.282	-5953.63	346.37	6.3	0.8	ZWEIFALL
21.11.2017	50.878	6.273	-5273.55	126.45	5.4	1.6	NIEDERMERZ
22.01.2008	50.908	6.477	-892.24	107.76	1	0.6	HAMBACH
22.02.2007	50.812	6.211	-19890.77	209.23	20.1	0.6	WUERSELEN
22.02.2007	50.828	6.22	-17902.82	197.18	18.1	0.4	ESCHWEILER
22.02.2007	50.838	6.197	-17015.41	184.59	17.2	0.6	ESCHWEILER
22.02.2007	50.863	6.23	-13052.21	147.79	13.2	1.7	ALSDORF
22.02.2007	50.869	6.259	-10470.15	129.85	10.6	1	ALSDORF
22.02.2012	50.724	6.271	-6086.32	313.68	6.4	-0.3	ZWEIFALL
22.02.2012	50.705	6.262	-7052.19	347.81	7.4	0.6	ZWEIFALL
22.02.2012	50.721	6.268	-5988.49	311.51	6.3	-0.2	ZWEIFALL
22.02.2012	50.707	6.263	-7039.45	360.55	7.4	0.4	ZWEIFALL
22.03.1995	50.864	6.215	-14251.63	148.37	14.4	-	SE. ALSDORF
22.04.2002	50.846	6.248	-12637.18	162.82	12.8	1.3	DUERWISS
22.04.2002	50.851	6.294	-12451.7	148.3	12.6	3	DUERWISS
22.04.2003	50.934	6.451	-1319.24	280.76	1.6	1.3	STETTERNICH
22.04.2003	50.725	6.342	-9092.7	307.3	9.4	1.4	NIDEGGEN
22.05.2010	50.718	6.452	-6841.84	158.16	7	0	OBERMAUBACH
22.07.2002	50.883	6.198	-10862.13	137.87	11	1.7	ALSDORF
22.07.2002	50.878	6.215	-9858.3	141.7	10	2.1	ALSDORF
22.07.2002	50.878	6.184	-12050.53	149.47	12.2	1	ALSDORF
22.07.2002	50.875	6.216	-9961.1	138.9	10.1	2.5	ALSDORF
22.07.2002	50.883	6.207	-12863.45	136.55	13	2.6	ALSDORF
22.07.2002	50.877	6.209	-9757.99	142.01	9.9	1.5	ALSDORF
22.07.2002	50.888	6.195	-8565.04	134.96	8.7	1	ALSDORF
22.07.2002	50.922	6.212	-8984.36	115.64	9.1	1.3	ALSDORF
22.07.2002	50.866	6.194	-10930.1	169.9	11.1	1.4	ALSDORF
22.07.2002	50.887	6.197	-12964.65	135.35	13.1	1.2	ALSDORF
22.07.2002	50.897	6.221	-8273.55	126.45	8.4	1.6	ALSDORF
22.07.2002	50.82	6.101	-16369.33	130.67	16.5	1.4	ALSDORF
22.07.2002	50.894	6.219	-5471.91	128.09	5.6	1.6	ALSDORF
22.07.2002	50.893	6.225	-9866.71	133.29	10	1	ALSDORF
22.07.2002	50.877	6.198	-13151.92	148.08	13.3	2.3	ALSDORF
22.07.2002	50.913	6.277	-4895.61	104.39	5	-	ALSDORF
22.07.2002	50.872	6.196	-12843.49	156.51	13	4.9	ALSDORF (VI)
22.07.2004	50.714	6.294	-6357.66	342.34	6.7	0.8	ZWEIFALL
22.10.1982	50.829	6.285	-14143.97	156.03	14.3	1.3	W. WEISWEILER
22.10.1982	50.833	6.293	-12350.54	149.46	12.5	1.6	NW. WEISWEILER
22.10.1982	50.836	6.3	-13144.31	155.69	13.3	2	W. WEISWEILER
22.10.1982	50.837	6.291	-11447.1	152.9	11.6	1.6	N. ESCHWEILER
22.10.2016	50.846	6.22	-13221.63	178.37	13.4	0.7	KINZWEILER
22.12.2018	50.879	6.27	-7875.22	124.78	8	1	NIEDERMERZ
23.02.1995	50.92	6.118	-11402.78	97.22	11.5	2.3	UEBACH-PALENBERG
23.02.2012	50.709	6.261	-6743.82	356.18	7.1	0.3	ZWEIFALL
23.03.1976	50.836	6.069	-10838	162	11	1.5	S. KERKRADE
23.03.1991	50.928	6.16	-883.84	116.16	1	2.5	UEBACH-PALENBERG
23.03.2010	50.768	6.379	-13234.37	265.63	13.5	-0.1	GRESSENICH
23.03.2010	50.781	6.375	-14069.97	230.03	14.3	0.4	GRESSENICH
23.03.2013	50.849	6.335	-12274.15	125.85	12.4	1.3	NE. ESCHWEILER
23.03.2015	50.877	6.535	-9389.36	110.64	9.5	1.1	E. NIEDERZIER
23.04.1995	50.906	6.117	-15260.36	139.64	15.4	1.8	S. UEBACH-PALENBERG
23.04.1995	50.912	6.125	-11072.17	127.83	11.2	2	UEBACH-PALENBERG
23.04.1995	50.914	6.096	-13586.13	113.87	13.7	1.8	W. UEBACH-PALENBERG
23.05.2019	50.773	6.207	-21682.53	217.47	21.9	0.2	STOLBERG
23.05.2019	50.834	6.21	-13014.87	185.13	13.2	0.5	ALSDORF
23.06.1991	50.853	6.324	-13462.34	137.66	13.6	1.5	NE. ESCHWEILER
23.06.2001	50.852	5.989	-1810.64	189.36	2	0.9	W. KERKRADE (NL)
23.06.2001	50.819	6.012	-9736.5	163.5	9.9	0.9	W. KERKRADE (NL)
23.07.2009	50.936	6.483	-4396.43	103.57	4.5	2.3	W. ELSDORF
23.07.2014	50.866	6.211	-9951.69	148.31	10.1	0.5	ALSDORF
23.07.2014	50.861	6.226	-10055.74	144.26	10.2	0.6	ALSDORF
23.07.2014	50.866	6.214	-11352.91	147.09	11.5	1.6	ALSDORF
23.07.2014	50.868	6.212	-11453.24	146.76	11.6	1	ALSDORF
23.09.2016	50.908	6.545	-1216.48	-216.48	1	1.6	ETZWEILER
23.09.2016	50.766	6.529	-6438.94	161.06	6.6	0.1	JAKOBWUELLESHEIM
23.09.2016	50.768	6.538	-9246.8	153.2	9.4	2	JAKOBWUELLESHEIM
23.11.2008	50.874	6.195	-14844.69	155.31	15	1.5	ALSDORF
23.12.2008	50.892	6.211	-11379.89	120.11	11.5	0.7	ALSDORF
23.12.2008	50.854	6.158	-17838.13	161.87	18	1.2	ALSDORF
24.05.2016	50.706	6.255	-5355.24	344.76	5.7	-0.1	ZWEIFALL
24.07.1984	50.834	6.231	-13410.33	189.67	13.6	1.2	NW. ESCHWEILER
24.07.1984	50.842	6.289	-11045.93	154.07	11.2	2.2	DUERWISS
24.07.1984	50.829	6.276	-17038.73	161.27	17.2	1.9	ESCHWEILER
24.07.1984	50.834	6.266	-11030.04	169.96	11.2	1.6	DUERWISS
24.07.2002	50.874	6.221	-9563.73	136.27	9.7	1.5	ALSDORF
24.11.2007	50.883	6.352	-8221.62	78.38	8.3	1	INDEN
24.12.1983	50.945	6.519	-5514.72	85.28	5.6	1.4	W. ELSDORF
25.01.2006	50.699	6.116	-7211.15	288.85	7.5	0.3	E. EYNATTEN (B)
25.02.2011	50.716	6.3	-10414.52	385.48	10.8	0.4	ZWEIFALL
25.03.2002	50.812	6.29	-10170.41	129.59	10.3	1.3	ESCHWEILER
25.04.2003	50.767	6.355	-12110.53	289.47	12.4	0.7	HUERTGENWALD
25.07.1984	50.823	6.35	-14571.04	128.96	14.7	1.3	KINZWEILER
25.07.1984	50.836	6.252	-13132.24	167.76	13.3	1	NW. ESCHWEILER
25.07.1984	50.832	6.282	-11241.84	158.16	11.4	1.3	N.ESCHWEILER
25.07.2002	50.891	6.219	-10069.27	130.73	10.2	2.1	ALSDORF
25.09.2016	50.898	6.501	-2246.03	-146.03	2.1	1.4	NE. NIEDERZIER
25.09.2018	50.912	6.492	-243.85	56.15	0.3	1.3	N. NIEDERZIER
25.11.2014	50.838	6.167	-16022	178	16.2	0.7	WUERSELEN
26.01.2006	50.711	6.112	-4626.71	273.29	4.9	0.7	E. EYNATTEN (B)
26.02.2007	50.874	6.175	-14443.45	156.55	14.6	1	ALSDORF
26.02.2009	50.848	6.306	-10147.05	152.95	10.3	0.6	WEISWEILER
26.03.1984	50.954	6.418	-1403.81	96.19	1.5	1.3	NE. JUELICH
26.04.1982	50.936	6.522	-2130	70	2.2	1.2	W. ELSDORF
26.04.1992	50.834	6.234	-11025.08	174.92	11.2	1.5	ESCHWEILER
26.05.2007	50.709	6.2	-7537.39	262.61	7.8	0.4	WALHEIM
26.05.2016	50.825	6.204	-16107.22	192.78	16.3	0.4	E. WUERSELEN
26.08.2015	50.938	6.479	-1406.55	93.45	1.5	0.4	SOPHIENHÖHE
26.10.2019	50.921	6.375	-10315.24	84.76	10.4	1.1	JUELICH
26.11.2006	50.873	6.21	-12259.15	140.85	12.4	1.3	ALSDORF
26.11.2010	50.912	6.114	-13779.1	120.9	13.9	0.5	UEBACH-PALENBERG
26.11.2010	50.916	6.108	-13276.3	123.7	13.4	0.6	UEBACH-PALENBERG
26.11.2017	50.878	6.259	-10279.15	120.85	10.4	1.1	NIEDERMERZ
26.12.1986	50.822	6.272	-16655.58	144.42	16.8	2	ESCHWEILER
26.12.1992	50.891	6.258	-2675.1	124.9	2.8	1.6	W. ALDENHOVEN
26.12.2016	50.762	6.248	-13240.81	259.19	13.5	1.9	STOLBERG
27.01.2012	50.787	6.208	189.13	189.13	0	0.6	STOLBERG
27.01.2014	50.829	6.322	-11482.91	117.09	11.6	1.3	WEISWEILER
27.02.1985	50.829	6.463	-12385.29	114.71	12.5	1.1	BIRKESDORF
27.02.1985	50.804	6.485	-12473.31	126.69	12.6	1.1	DUEREN
27.02.2009	50.893	6.203	-12578.19	121.81	12.7	0.8	ALSDORF
27.02.2017	50.937	6.477	-470.23	129.77	0.6	0.2	S. ROEDINGEN
27.03.2012	50.828	6.14	-4510.48	189.52	4.7	1.4	WUERSELEN
27.04.1992	50.864	6.21	-11047.86	152.14	11.2	1.5	ASLDORF
27.04.1992	50.877	6.186	-4450.58	149.42	4.6	1.4	ALSDORF
27.04.1992	50.841	6.235	-14540.72	159.28	14.7	1.4	KINZWEILER
27.04.2004	50.703	6.182	-8525.42	274.58	8.8	1.8	WALHEIM
27.05.2009	50.734	6.165	-17739.67	260.33	18	0.4	KORNELIMUENSTER
27.05.2015	50.91	6.5	-2769.67	30.33	2.8	0.9	HAMBACH
27.06.2009	50.914	6.129	-15174.55	125.45	15.3	2	UEBACH
27.06.2010	50.891	6.445	-10802.91	97.09	10.9	0.3	W. NIEDERZIER
27.07.2008	50.847	6.184	-16620.75	179.25	16.8	1.4	WUERSELEN
27.09.2013	50.749	6.286	-6177.29	322.71	6.5	1	STOLBERG
28.02.2009	50.884	6.222	-12865.14	134.86	13	1.1	ALSDORF
28.02.2009	50.882	6.237	-12867.82	132.18	13	1.8	ALSDORF
28.03.2015	50.835	6.291	-8347.28	152.72	8.5	0.9	DUERWISS
28.04.1992	50.892	6.172	-4153.07	146.93	4.3	1.9	ALSDORF
28.04.1992	50.89	6.172	-4547.05	152.95	4.7	-	N. ALSDORF
28.04.2012	50.79	6.274	-4309.5	190.5	4.5	0.6	STOLBERG
28.05.2013	50.946	6.422	-8503.79	96.21	8.6	1.5	WELLDORF
28.07.2015	50.707	6.312	-2391.86	408.14	2.8	0	RAFFELSBRAND
28.08.2016	50.709	6.25	-5508.08	291.92	5.8	-0.1	ZWEIFALL
28.11.2006	50.935	6.436	-8135.07	264.93	8.4	1.1	STETTERNICH
28.11.2006	50.935	6.443	-8133.44	266.56	8.4	1.2	STETTERNICH
28.12.1984	50.865	6.537	-13080.68	119.32	13.2	0.8	MORSCHENICH
29.01.1985	50.712	6.404	-13402.88	397.12	13.8	1.5	SE. HUERTGEN
29.04.2009	50.88	6.459	-5296.13	103.87	5.4	0.6	NIEDERZIER
29.07.2002	50.851	6.243	-13543.23	156.77	13.7	1	ALSDORF
29.08.2004	50.929	6.45	-4024.35	275.65	4.3	0.8	E. STETTERNICH
29.08.2004	50.923	6.453	-3132.72	267.28	3.4	1.4	E. STETTERNICH
29.09.1981	50.854	6.231	-2143.28	156.72	2.3	1.8	E. ALSDORF
29.10.1994	50.911	6.075	-7073.54	126.46	7.2	1.1	E. LANDGRAAF
29.11.2006	50.771	6.29	-1870.97	229.03	2.1	0.4	SE STOLBERG
29.11.2018	50.921	6.063	-10275.02	124.98	10.4	1.4	LANDGRAAF
29.12.2007	50.932	6.142	-12873.97	126.03	13	1.5	UEBACH-PALENBERG
30.01.2002	50.825	6.318	-12680.5	119.5	12.8	1.3	DUERWISS
30.01.2002	50.788	6.262	-16550.1	249.9	16.8	1.6	DUERWISS
30.01.2002	50.766	6.244	-19317.22	282.78	19.6	1.6	DUERWISS
30.04.1992	50.882	6.176	-4442.31	157.69	4.6	1.8	ALSDORF
30.04.2005	50.922	6.15	-13572.95	127.05	13.7	1	UEBACH-PALENBERG
30.04.2007	50.739	6.221	-5322.68	277.32	5.6	0.3	BREINIG
30.04.2007	50.729	6.232	-4917.82	282.18	5.2	0.1	BREINIG
30.05.1979	50.85	6.177	-15634.05	165.95	15.8	1.5	ALSDORF
30.06.2000	50.874	6.209	-18758.02	141.98	18.9	2	HOENGEN (ALDENHOVEN)
30.08.2008	50.908	6.426	-13210.6	89.4	13.3	0.5	DAUBENRATH
30.09.2008	50.856	6.221	-14948.91	151.09	15.1	0.8	ALSDORF
30.10.2008	50.705	6.316	-5566.78	433.22	6	0	E. ZWEIFALL
30.12.2016	50.911	6.099	-13866.53	133.47	14	1.5	UEBACH-PALENBERG
31.03.2017	50.93	6.495	-313.47	186.53	0.5	1.7	S. OBEREMBT
31.05.2009	50.744	6.209	-3637.37	262.63	3.9	0.2	DORFF
31.05.2009	50.744	6.209	-3637.37	262.63	3.9	0.3	DORFF
31.05.2009	50.744	6.209	-3637.37	262.63	3.9	0.8	DORFF
31.05.2009	50.743	6.208	-3737.65	262.35	4	0.9	DORFF
31.07.2004	50.892	6.204	-15976.29	123.71	16.1	1.2	ALSDORF
31.07.2004	50.894	6.198	-17474.69	125.31	17.6	2.2	ALSDORF
31.10.2014	50.717	6.162	-17925.4	274.6	18.2	0.5	KORNELIMUENSTER
31.10.2015	50.759	6.249	-24237.02	262.98	24.5	0.4	STOLBERG
31.12.2018	50.708	6.323	-588.23	411.77	1	-0.3	RAFFELSBRAND
31.12.2018	50.826	6.253	-3341.67	158.33	3.5	1.1	ESCHWEILER
10.12.2019	50.909	6.443	-2394.16	105.84	2.5	2.1	HAMBACH
12.01.2020	50.828	6.226	-18301.47	198.53	18.5	1	ESCHWEILER
